>GGGATGGCTCCTATCTCTCCCCCATA
A  [ 0  0  0 23  0  0  0  0  0  0  0  0 23  0  0  0  0  0  0  0  0 10  0 23  0 19 ]
C  [ 0  0  0  0  0  0  0 23  0 23 23  0  0  0 23  0 23  0 23 22 22 13 19  0  0  4 ]
G  [23 23 23  0  0 23 23  0  0  0  0  0  0  0  0  0  0  0  0  0  0  0  0  0  4  0 ]
T  [ 0  0  0  0 23  0  0  0 23  0  0 23  0 23  0 23  0 23  0  1  1  0  4  0 19  0 ]

>CCCTGCTGAGTTAGCTAGCAACGGGA
A  [ 2  0  0 18  0  0  0  0 22  0  0  0 51  0  0  0 22  0  0 22 40  1 18  0  2 40 ]
C  [49 40 33  0 20 40 29  0  9 18 11  0  0  0 51  0  9 18 51  0 11 22 11  0 25  0 ]
G  [ 0  0 18  0 31  0  0 22 20 22  0  0  0 40  0  0  2 22  0 18  0 17 22 22 24  0 ]
T  [ 0 11  0 33  0 11 22 29  0 11 40 51  0 11  0 51 18 11  0 11  0 11  0 29  0 11 ]

>CAAAGGTCTTTTATCCTTACCTTGGC
A  [59 44 45 43 58  1 72 71 34 44   0  28 145   0   0   1  14 44 49 15 58 50 29 49 60 29 ]
C  [78 32 28 15 49 62 77 34 31 45   0   0   5  29 153  15  21 34 29 93 34 59 59 45 25 67 ]
G  [29 28 59 79 30 44 16 17 43 49   0  29  14  15  28   0  42 29 46  0 29 15 72 43 45 35 ]
T  [15 77 49 44 44 74 16 59 73 43 181 124  17 137   0 165 104 74 57 73 60 57 21 44 51 50 ]

>CTCCTCACCTTTGTCTTTTAGCAAAC
A  [54 41 41 40 53  0 68 66 31 40   0  26 134   0   0   0 13 39 45 14 54 45 27 46 57 26 ]
C  [73 29 27 15 45 59 72 33 29 42   0   0   5  27 142  14 18 32 28 87 32 56 55 42 23 63 ]
G  [27 26 54 73 28 41 13 14 40 45   0  27  14  14  26   0 39 27 42  0 27 14 66 40 40 32 ]
T  [14 72 46 40 42 68 15 55 68 41 168 115  15 127   0 154 98 70 53 67 55 53 20 40 48 47 ]

>TCTTTTATCCTTACCTTGGCTGCCTT
A  [60 46 45 43 59  1 74 72 34 45   0  28 149   0   0   1  14 44 50 15 59 51 29 50 60 29 ]
C  [80 33 28 15 49 62 78 35 32 46   0   0   5  30 157  16  21 35 30 96 35 60 61 46 26 70 ]
G  [29 28 61 82 32 46 16 18 43 50   0  30  14  16  28   0  42 30 48  0 29 16 73 44 46 35 ]
T  [16 78 51 45 45 76 17 60 76 44 185 127  17 139   0 168 108 76 57 74 62 58 22 45 53 51 ]

>ACCACATCTGTAATCTCAGCACCACA
A  [20  0  0 23  0 23  0  0  0  0  0 23 23  0  0  0  0 23  0  0 21  0  0 23  0 23 ]
C  [ 3 23 23  0 23  0  0 23  0  0  0  0  0  0 23  0 23  0  0 23  2 23 23  0 22  0 ]
G  [ 0  0  0  0  0  0  0  0  0 23  0  0  0  0  0  0  0  0 23  0  0  0  0  0  1  0 ]
T  [ 0  0  0  0  0  0 23  0 23  0 23  0  0 23  0 23  0  0  0  0  0  0  0  0  0  0 ]

>ACAGCTCTGCTTTTCTTTCTTCCCTT
A  [61 44 47 43 58  1 72 71 34 44   0  28 145   0   0   1  15 44 49 15 59 50 29 49 60 29 ]
C  [78 35 28 16 51 63 79 34 32 48   0   0   5  29 156  15  21 34 31 94 34 62 61 48 25 67 ]
G  [30 28 60 81 30 44 16 17 45 49   0  29  14  15  28   0  42 29 47  0 29 15 72 43 45 35 ]
T  [15 77 49 44 45 76 17 62 73 43 184 127  20 140   0 168 106 77 57 75 62 57 22 44 54 53 ]

>CTGCCCCAGGTTATCTGCAGGAACTG
A  [ 0  1  0  0  0  0  0 19  0  0  0  0 20  0  0  0  0  0 20  0  0 20 20  0  1  0 ]
C  [20  0  0 20 20 20 20  0  0  0  0  0  0  0 20  0  0 18  0  0  0  0  0 20  0  0 ]
G  [ 0  0 19  0  0  0  0  0 20 20  0  0  0  0  0  0 20  0  0 20 20  0  0  0  0 19 ]
T  [ 0 19  1  0  0  0  0  1  0  0 20 20  0 20  0 20  0  2  0  0  0  0  0  0 19  1 ]

>AGGACCAAGGTTGTCTGACCTCAGTG
A  [14  0  1 14  0  0 14 14  0  1  0  0  1  0  0  0  0 14  1  0  1  1 13  0  0  0 ]
C  [ 0  1  0  0 14 14  0  1  0  0  0  1  0  0 15  0  0  0 14 14  0 14  1  1  1  0 ]
G  [ 0 14 14  1  1  0  1  0 14 14  0  0 14  0  0  0 14  0  0  0  0  0  0 14  0 14 ]
T  [ 1  0  0  0  0  1  0  0  1  0 15 14  0 15  0 15  1  1  0  1 14  0  1  0 14  1 ]

